72.263
73.514
72.561
73.454
74.229
72.650
73.841
73.454
72.948
73.752
72.561
73.157
71.578
72.650
72.293
72.263
68.928
73.544
67.469
72.650
74.020
68.541
70.298
70.000
66.784
69.136
69.434
66.575
76.879
67.558
74.526
67.945
69.136
66.396
67.766
69.226
68.838
65.414
67.558
73.841
68.749
67.260
71.280
67.469
67.081
75.301
66.664
67.647
73.752
64.520
64.610
73.931
63.925
68.928
66.039
68.332
65.473
64.907
67.558
62.465
67.558
66.962
58.832
72.650
68.332
72.650
67.171
68.838
70.119
66.099
66.277
66.188
69.494
64.282
67.171
50.196
64.431
68.064
62.763
68.243
62.555
52.757
67.171
63.061
66.873
59.904
56.867
66.277
49.809
57.373
59.904
59.309
67.171
68.928
50.107
64.431
67.647
59.994
52.072
57.105
61.870
54.216
62.078
54.514
60.202
55.586
58.743
65.295
67.171
59.428
60.411
56.093
54.723
64.907
55.110
54.068
55.795
53.651
57.641
57.760
