73.230
73.671
73.310
74.352
75.114
73.711
73.550
72.307
74.352
73.109
72.227
73.189
71.986
73.390
73.270
72.788
67.334
74.954
67.535
73.791
74.553
67.134
72.147
70.583
66.813
68.698
69.099
65.289
76.277
67.013
74.553
71.024
70.503
66.492
66.893
70.703
67.214
66.211
70.101
74.272
70.543
68.578
72.989
68.417
67.695
76.879
64.928
68.056
75.876
65.650
66.653
74.994
64.407
71.345
67.174
71.625
64.968
66.091
68.938
62.762
64.407
70.302
57.148
73.310
68.537
73.189
67.455
68.578
70.583
65.289
67.936
64.808
70.422
62.923
69.219
54.180
67.735
68.818
60.878
66.653
63.765
54.862
67.816
62.161
65.329
58.030
56.627
67.896
55.063
58.552
60.076
61.359
68.457
70.984
53.098
65.449
68.618
64.367
54.621
56.346
62.402
54.982
64.126
49.809
58.231
54.421
60.477
66.011
68.938
61.840
61.038
58.913
55.584
65.530
56.587
53.178
52.977
53.739
57.709
59.193
