73.280
72.931
73.119
74.355
74.704
73.388
73.871
73.334
74.328
74.247
73.656
73.737
71.750
73.334
72.931
73.818
71.803
73.522
67.802
73.549
74.193
70.246
71.508
70.192
67.936
69.789
70.514
66.808
76.879
67.775
75.724
66.862
70.649
66.969
68.608
70.783
68.554
66.056
68.796
75.214
69.574
69.037
72.797
69.306
67.829
76.342
68.178
68.420
75.456
65.895
66.755
74.220
63.451
69.601
66.325
67.909
65.331
66.459
69.467
63.586
66.513
68.232
61.196
73.549
68.205
73.415
70.890
69.386
69.601
66.298
68.258
67.775
71.266
65.868
67.131
51.098
65.761
70.165
65.251
68.661
63.827
54.697
68.930
64.284
67.453
60.658
58.671
68.366
51.957
58.859
61.437
61.652
68.339
71.025
49.809
65.358
67.856
64.203
53.891
59.611
62.082
56.630
64.660
54.455
62.001
57.731
60.309
67.077
67.695
61.330
62.834
56.174
56.254
66.164
56.603
55.475
56.469
56.657
58.027
60.041
